
% Input values
offset=1;
angle_1=pi/2;
angle_2=pi/2;

T=0.044;

% Constants for the first submodel
k11=1950;
k12=78;
k13=0.05;
k14=0.275;
k15=200;

% Constants for the second submodel
k21=2330;
k22=94;
k23=0.043;
k24=2.8;
k25=117;

% Constants for the third submodel
k31=3380;
k32=156;
k33=0.044;
k34=2.94;
k35=96;
